(60, 0, 0.8181818181818181)
(59, 0.818, 0.2727272727272727)
(57, 1.091, 0.2727272727272727)
(55, 1.364, 0.2727272727272727)
(53, 1.636, 0.8181818181818181)
(55, 2.455, 0.2727272727272727)
(57, 2.727, 0.2727272727272727)
(60, 3.0, 0.2727272727272727)
(59, 3.273, 0.8181818181818181)
(57, 4.091, 0.2727272727272727)
(55, 4.364, 0.2727272727272727)
(53, 4.636, 0.2727272727272727)
(52, 4.909, 1.6363636363636362)
(57, 6.545, 0.8181818181818181)
(55, 7.364, 0.2727272727272727)
(53, 7.636, 0.2727272727272727)
(52, 7.909, 0.2727272727272727)
(50, 8.182, 0.8181818181818181)
(52, 9.0, 0.2727272727272727)
(53, 9.273, 0.2727272727272727)
(55, 9.545, 0.2727272727272727)
(55, 9.818, 0.8181818181818181)
(53, 10.636, 0.2727272727272727)
(52, 10.909, 0.2727272727272727)
(50, 11.182, 0.2727272727272727)
(48, 11.455, 1.0909090909090908)
(48, 12.545, 0.5454545454545454)
(50, 13.091, 0.2727272727272727)
(57, 13.364, 0.2727272727272727)
(57, 13.636, 1.0909090909090908)
(57, 14.727, 0.5454545454545454)
(60, 15.273, 0.5454545454545454)
(59, 15.818, 0.5454545454545454)
(55, 16.364, 1.6363636363636362)
(55, 18.0, 0.5454545454545454)
(0, 18.545, 0.5454545454545454)
(47, 19.091, 0.5454545454545454)
(48, 19.636, 0.2727272727272727)
(53, 19.909, 0.2727272727272727)
(53, 20.182, 1.0909090909090908)
(53, 21.273, 0.5454545454545454)
(57, 21.818, 0.5454545454545454)
(55, 22.364, 0.5454545454545454)
(53, 22.909, 0.5454545454545454)
(52, 23.455, 1.0909090909090908)
(52, 24.545, 1.6363636363636362)
(60, 26.182, 0.8181818181818181)
(59, 27.0, 0.2727272727272727)
(57, 27.273, 0.2727272727272727)
(55, 27.545, 0.2727272727272727)
(53, 27.818, 0.8181818181818181)
(55, 28.636, 0.2727272727272727)
(57, 28.909, 0.2727272727272727)
(60, 29.182, 0.2727272727272727)
(59, 29.455, 0.8181818181818181)
(57, 30.273, 0.2727272727272727)
(55, 30.545, 0.2727272727272727)
(53, 30.818, 0.2727272727272727)
(52, 31.091, 1.6363636363636362)
(57, 32.727, 0.8181818181818181)
(55, 33.545, 0.2727272727272727)
(53, 33.818, 0.2727272727272727)
(52, 34.091, 0.2727272727272727)
(50, 34.364, 0.8181818181818181)
(52, 35.182, 0.2727272727272727)
(53, 35.455, 0.2727272727272727)
(55, 35.727, 0.2727272727272727)
(55, 36.0, 0.8181818181818181)
(53, 36.818, 0.2727272727272727)
(52, 37.091, 0.2727272727272727)
(50, 37.364, 0.2727272727272727)
(48, 37.636, 1.0909090909090908)
(48, 38.727, 0.5454545454545454)
(50, 39.273, 0.2727272727272727)
(57, 39.545, 0.2727272727272727)
(57, 39.818, 1.0909090909090908)
(57, 40.909, 0.5454545454545454)
(59, 41.455, 0.5454545454545454)
(59, 42.0, 0.5454545454545454)
(64, 42.545, 1.6363636363636362)
(64, 44.182, 1.0909090909090908)
(64, 45.273, 0.5454545454545454)
(64, 45.818, 0.2727272727272727)
(60, 46.091, 0.2727272727272727)
(60, 46.364, 1.0909090909090908)
(60, 47.455, 0.5454545454545454)
(57, 48.0, 0.5454545454545454)
(59, 48.545, 0.5454545454545454)
(60, 49.091, 1.6363636363636362)
(60, 50.727, 1.6363636363636362)
sheet music: (67, 0, 0.8181818181818181), audio: (71, 0.8185029999999998, 0.2728350000000006), total = 3.0911764090909086
sheet music: (65, 3.273, 0.8181818181818181), audio: (71, 3.274014, 0.4527890000000001), total = 3.183710409090909
sheet music: (64, 6.545, 0.8181818181818181), audio: (57, 6.002358, 0.48181399999999996), total = 4.210825909090909
sheet music: (60, 12.545, 0.5454545454545454), audio: (62, 13.096053999999999, 0.14512500000000017), total = 1.7512187727272714
sheet music: (69, 14.727, 0.5454545454545454), audio: (71, 15.818593999999997, 0.4527890000000028), total = 2.137926772727268
sheet music: (60, 18.0, 1.0909090909090908), audio: (60, 19.638277, 0.2728339999999996), total = 2.0473145454545443
sheet music: (65, 21.273, 0.5454545454545454), audio: (70, 21.820952, 0.5456690000000002), total = 3.0480592272727263
sheet music: (59, 22.364, 0.5454545454545454), audio: (65, 22.91229, 0.5456690000000002), total = 3.5483972272727256
sheet music: (65, 29.455, 0.8181818181818181), audio: (71, 29.460317999999997, 0.4411789999999982), total = 3.193819409090909
sheet music: (64, 32.727, 0.8181818181818181), audio: (57, 32.182857000000006, 0.46439900000000023), total = 4.2210344090909
sheet music: (60, 38.727, 0.5454545454545454), audio: (62, 39.276553, 0.2728350000000006), total = 1.6858627727272755
sheet music: (65, 41.455, 0.5454545454545454), audio: (62, 43.096236000000005, 0.412154000000001), total = 3.2078862727272783
sheet music: (62, 44.727, 0.5454545454545454), audio: (67, 44.187574000000005, 1.085532999999998), total = 3.3094652272727183
sheet music: (64, 45.273, 0.5454545454545454), audio: (68, 45.273107, 0.5514739999999989), total = 2.003116727272727
sheet music: (65, 47.455, 0.2727272727272727), audio: (60, 48.001451, 0.4760089999999977), total = 3.1480918636363673

(60, 0.0, 0.841723)
(59, 0.841723, 0.27283500000000005)
(57, 1.114558, 0.272834)
(55, 1.387392, 0.27283499999999994)
(53, 1.660227, 0.5630840000000001)
(55, 2.47873, 0.27283500000000016)
(57, 2.7515650000000003, 0.272834)
(60, 3.0243990000000003, 0.2728349999999997)
(59, 3.297234, 0.22058899999999992)
(57, 4.115737, 0.26702899999999996)
(55, 4.382766, 0.2728349999999997)
(53, 4.655601, 0.27283400000000047)
(52, 4.928435, 0.5630839999999999)
(57, 6.5712470000000005, 0.441179)
(55, 7.389751, 0.26702899999999996)
(53, 7.65678, 0.2728339999999996)
(52, 7.929614, 0.2728350000000006)
(50, 8.202449, 0.2321989999999996)
(52, 9.026757, 0.2670300000000001)
(53, 9.293787, 0.2728339999999996)
(55, 9.566621, 0.27283499999999883)
(56, 9.839455999999998, 0.43537400000000126)
(53, 10.663763999999999, 0.2670300000000001)
(52, 10.930793999999999, 0.27283400000000135)
(50, 11.203628, 0.21478499999999912)
(48, 11.476462999999999, 0.41795899999999975)
(49, 12.5678, 0.34830000000000005)
(50, 13.113468999999998, 0.2728350000000006)
(57, 13.386303999999999, 0.2728339999999996)
(57, 13.659137999999999, 0.47600900000000124)
(60, 15.290339999999999, 0.3831290000000003)
(59, 15.841814, 0.21478499999999912)
(55, 16.387483, 0.36571400000000054)
(55, 18.02449, 0.41215399999999747)
(47, 19.115828, 0.5398639999999979)
(48, 19.655692, 0.2728339999999996)
(53, 19.928525999999998, 0.2728339999999996)
(53, 20.201359999999998, 1.6370070000000005)
(57, 21.838366999999998, 0.5456690000000002)
(55, 22.384036, 0.5456690000000002)
(53, 22.929705, 0.47600900000000124)
(52, 23.475374, 0.5572790000000012)
(52, 24.566712, 0.5979139999999994)
(60, 26.209524, 0.42376400000000203)
(59, 27.028026999999998, 0.2089800000000004)
(57, 27.295057, 0.2728339999999996)
(55, 27.567891, 0.2728350000000006)
(53, 27.840726, 0.5108390000000007)
(55, 28.659229, 0.2728339999999996)
(57, 28.932063, 0.2728350000000006)
(60, 29.204898, 0.2728339999999996)
(59, 29.477732, 0.3715200000000003)
(57, 30.296236, 0.2728339999999996)
(55, 30.56907, 0.2728350000000006)
(53, 30.841905, 0.2728339999999996)
(52, 31.114739, 0.6095240000000004)
(57, 32.751746000000004, 0.37732400000000155)
(55, 33.570249000000004, 0.2728350000000006)
(53, 33.843084000000005, 0.26702900000000085)
(52, 34.110113000000005, 0.2786399999999958)
(50, 34.388753, 0.31927400000000006)
(52, 35.207256, 0.2670299999999983)
(53, 35.474286, 0.27283400000000313)
(55, 35.74712, 0.2786400000000029)
(56, 36.025760000000005, 0.4469840000000005)
(53, 36.844263000000005, 0.26702900000000085)
(52, 37.111292000000006, 0.2786399999999958)
(50, 37.389932, 0.26702900000000085)
(48, 37.656961, 0.3831300000000013)
(49, 38.754104000000005, 0.29025000000000034)
(50, 39.293968, 0.2728350000000006)
(57, 39.566803, 0.27283400000000313)
(57, 39.839637, 0.37732400000000155)
(59, 41.482449, 0.21478499999999912)
(59, 42.022313000000004, 0.32507899999999523)
(64, 42.567982, 0.31927400000000006)
(64, 44.199184, 0.43537400000000304)
(64, 45.290521000000005, 0.42376499999999595)
(64, 45.841995000000004, 0.2728350000000006)
(60, 46.114830000000005, 0.26702900000000085)
(60, 46.381859000000006, 0.2670299999999983)
(57, 48.018866, 0.4760089999999977)
(59, 48.57034, 0.25542000000000087)
(60, 49.116009000000005, 0.388933999999999)
sheet music: (67, 0, 0.8181818181818181), audio: (71, 0.8185029999999998, 0.2728350000000006), total = 3.0911764090909086
sheet music: (65, 3.273, 0.8181818181818181), audio: (71, 3.274014, 0.4527890000000001), total = 3.183710409090909
sheet music: (64, 6.545, 0.8181818181818181), audio: (57, 6.002358, 0.48181399999999996), total = 4.210825909090909
sheet music: (60, 12.545, 0.5454545454545454), audio: (62, 13.096053999999999, 0.14512500000000017), total = 1.7512187727272714
sheet music: (69, 14.727, 0.5454545454545454), audio: (71, 15.818593999999997, 0.4527890000000028), total = 2.137926772727268
sheet music: (60, 18.0, 1.0909090909090908), audio: (60, 19.638277, 0.2728339999999996), total = 2.0473145454545443
sheet music: (65, 21.273, 0.5454545454545454), audio: (70, 21.820952, 0.5456690000000002), total = 3.0480592272727263
sheet music: (59, 22.364, 0.5454545454545454), audio: (65, 22.91229, 0.5456690000000002), total = 3.5483972272727256
sheet music: (65, 29.455, 0.8181818181818181), audio: (71, 29.460317999999997, 0.4411789999999982), total = 3.193819409090909
sheet music: (64, 32.727, 0.8181818181818181), audio: (57, 32.182857000000006, 0.46439900000000023), total = 4.2210344090909
sheet music: (60, 38.727, 0.5454545454545454), audio: (62, 39.276553, 0.2728350000000006), total = 1.6858627727272755
sheet music: (65, 41.455, 0.5454545454545454), audio: (62, 43.096236000000005, 0.412154000000001), total = 3.2078862727272783
sheet music: (62, 44.727, 0.5454545454545454), audio: (67, 44.187574000000005, 1.085532999999998), total = 3.3094652272727183
sheet music: (64, 45.273, 0.5454545454545454), audio: (68, 45.273107, 0.5514739999999989), total = 2.003116727272727
sheet music: (65, 47.455, 0.2727272727272727), audio: (60, 48.001451, 0.4760089999999977), total = 3.1480918636363673
